635 559
635 557
634 556
634 555
631 552
631 548
629 546
629 544
630 543
625 538
625 536
624 535
624 534
623 533
623 532
622 531
622 530
621 529
621 528
619 526
619 525
618 524
618 523
615 520
615 519
613 517
614 518
615 517
615 514
613 512
612 512
611 513
611 514
612 515
611 514
611 511
608 508
608 507
605 504
605 503
602 500
602 499
598 495
598 494
595 491
595 490
588 483
588 482
583 477
581 479
585 483
585 489
583 491
583 492
585 494
587 494
584 494
583 493
583 492
580 489
580 488
577 485
577 482
572 477
572 476
571 475
571 474
568 471
568 465
567 464
565 464
560 459
560 458
557 455
557 454
556 453
556 452
542 438
541 438
539 436
539 435
537 433
537 432
533 428
532 428
531 427
530 427
529 426
528 426
524 422
522 422
517 417
516 417
514 415
513 415
510 412
509 412
506 409
505 409
503 407
502 407
494 399
493 399
488 394
487 394
482 389
481 389
477 385
476 385
475 384
474 384
472 382
471 382
470 381
469 381
465 377
463 377
462 376
461 376
458 373
457 373
456 372
455 372
453 370
452 370
451 369
450 369
449 368
448 368
447 367
446 367
445 366
444 366
442 364
440 364
439 363
438 363
436 361
435 361
434 360
432 360
431 359
429 359
428 358
427 358
426 357
425 357
423 355
422 355
421 354
420 354
419 353
416 353
415 352
413 352
412 351
411 351
410 350
409 350
408 349
407 349
406 348
404 348
403 347
401 347
400 348
399 348
398 347
393 347
392 346
374 346
373 347
369 347
368 348
364 348
363 349
352 349
351 348
345 348
342 345
341 345
340 346
335 346
334 345
333 345
332 346
331 346
328 349
327 349
323 353
323 354
320 357
319 357
314 362
314 363
308 369
307 369
306 370
306 371
303 374
303 375
299 379
298 379
293 384
291 384
289 386
289 385
290 385
291 384
292 384
297 379
298 379
303 374
303 373
306 370
306 369
307 369
314 362
314 361
318 357
319 357
323 353
323 352
326 349
327 349
330 346
331 346
332 345
335 345
336 346
339 346
340 345
343 345
346 348
351 348
352 349
363 349
364 348
368 348
369 347
373 347
374 346
392 346
393 347
398 347
399 348
400 348
401 347
403 347
404 348
405 348
406 347
408 349
409 349
410 350
411 350
413 352
415 352
416 353
420 353
421 354
422 354
423 355
424 355
426 357
427 357
428 358
429 358
430 359
431 359
432 360
435 360
437 362
438 362
440 364
442 364
443 365
444 365
445 366
446 366
447 367
448 367
449 368
450 368
451 369
452 369
453 370
454 370
456 372
457 372
458 373
459 373
463 377
466 377
470 381
471 381
472 382
473 382
475 384
476 384
478 386
479 386
482 389
483 389
488 394
489 394
494 399
495 399
503 407
504 407
506 409
507 409
510 412
511 412
514 415
515 415
517 417
518 417
523 422
525 422
530 427
532 427
533 428
534 428
537 431
537 432
539 434
539 435
542 438
543 438
553 448
554 447
555 447
556 446
557 446
557 448
557 447
556 446
555 447
554 447
553 448
555 450
555 451
557 453
557 454
560 457
560 458
566 464
568 464
570 466
571 466
572 467
573 467
575 469
576 469
578 471
578 472
581 475
581 476
582 477
584 477
588 481
588 482
595 489
595 490
598 493
598 494
602 498
602 499
605 502
605 503
608 506
608 507
611 510
611 511
612 512
614 512
614 513
615 514
616 513
616 514
615 515
615 519
618 522
618 523
619 524
619 525
621 527
621 528
622 529
622 530
623 531
623 533
625 535
625 537
630 542
630 544
629 545
630 546
630 547
631 548
631 550
632 551
632 552
633 553
633 554
634 555
634 556
635 557
583 491
585 489
585 484
580 479
579 479
579 477
576 474
575 474
573 472
573 471
571 469
570 469
571 469
577 475
578 475
579 476
579 478
580 479
581 479
582 478
582 477
581 476
581 475
579 473
578 473
578 472
575 469
574 469
572 467
571 467
570 466
569 466
568 467
568 470
571 473
571 474
572 475
572 476
577 481
577 484
580 487
580 488
614 565
614 564
613 563
613 562
612 561
612 559
611 558
611 557
610 556
610 555
608 553
608 552
606 550
606 549
604 547
604 546
600 542
600 541
599 540
599 539
598 538
598 537
597 536
597 535
596 534
596 533
594 531
594 530
592 528
592 527
589 524
589 523
587 521
585 521
585 519
583 517
583 516
579 512
578 512
576 510
575 510
575 508
576 507
570 501
571 501
572 502
572 503
576 507
577 506
577 505
574 502
574 501
571 498
571 497
569 495
568 495
564 491
564 490
560 486
561 486
562 487
562 488
573 499
573 500
577 504
577 505
581 509
582 509
583 508
583 507
582 506
582 505
580 503
580 502
579 501
579 500
576 497
576 496
574 494
574 493
572 491
572 490
570 488
570 487
569 486
569 485
568 484
568 483
567 482
566 482
564 480
564 477
563 476
563 475
555 467
555 466
554 465
554 464
547 457
546 457
545 456
544 456
536 448
536 447
533 444
532 444
529 441
529 440
528 439
527 439
526 438
526 437
524 435
524 434
518 428
518 427
510 419
509 419
505 415
505 414
504 413
503 413
501 411
500 412
500 414
504 418
505 418
505 419
506 420
506 424
505 423
503 423
503 422
499 418
498 418
497 419
497 418
495 416
494 416
492 418
492 419
493 420
493 421
496 424
496 426
496 425
493 422
493 421
491 419
490 419
488 417
485 417
484 416
482 416
482 413
479 410
478 410
474 406
475 407
476 407
479 410
480 410
482 412
482 413
483 414
488 414
489 415
490 415
492 417
493 416
494 416
495 415
494 414
494 413
489 408
488 408
483 403
482 403
479 400
478 400
476 398
475 398
472 395
471 395
468 392
466 392
461 387
460 388
460 390
463 393
464 393
464 394
465 395
465 396
468 399
469 399
470 400
471 400
474 403
475 403
478 406
479 406
480 407
481 407
485 411
485 412
480 407
479 407
477 405
476 405
476 404
475 403
474 403
472 401
471 401
469 399
468 400
468 402
466 402
456 392
455 392
450 387
449 387
448 386
447 386
446 385
444 385
443 384
441 384
441 382
441 383
442 384
444 384
445 385
447 385
448 386
449 386
450 387
451 387
456 392
457 392
467 402
468 401
468 400
465 397
465 396
464 395
464 394
463 393
462 393
460 391
460 387
458 385
457 385
459 385
459 386
460 387
462 387
467 392
469 392
472 395
473 395
477 399
478 399
479 400
480 400
483 403
484 403
489 408
490 408
495 413
494 414
496 416
496 417
497 418
498 418
499 417
503 421
503 422
504 423
505 423
506 422
506 420
503 417
502 417
501 416
501 415
500 414
500 412
501 411
496 406
497 406
504 413
505 413
505 414
510 419
511 419
518 426
518 427
524 433
524 434
526 436
526 437
528 439
529 439
529 440
533 444
534 444
536 446
536 447
545 456
546 456
547 457
548 457
554 463
554 464
555 465
555 466
563 474
563 475
564 476
564 479
567 482
568 482
568 483
569 484
569 485
570 486
570 487
572 489
572 490
574 492
574 493
576 495
576 496
578 498
578 499
580 501
580 502
582 504
582 505
583 506
583 509
582 510
582 511
581 511
580 512
583 515
585 513
585 512
584 511
585 511
585 512
587 514
590 514
591 513
594 513
595 514
595 515
597 517
597 518
598 519
598 520
600 522
600 523
601 524
601 525
603 527
603 529
604 530
604 531
605 532
605 533
606 534
606 535
608 537
608 539
609 540
609 541
610 542
610 543
612 545
612 546
613 547
613 548
614 549
614 550
615 551
614 551
614 550
613 549
613 548
612 547
612 546
610 544
610 543
609 542
609 541
608 540
608 538
607 537
607 536
606 535
606 534
605 533
605 532
604 531
604 530
603 529
603 528
601 526
601 525
600 524
600 523
598 521
598 520
597 519
597 518
595 516
595 515
593 513
592 513
591 514
591 516
592 517
592 518
594 520
594 521
597 524
597 525
599 527
599 528
601 530
601 531
602 532
602 533
603 534
603 535
604 536
604 538
604 536
603 535
603 534
601 532
601 531
599 529
599 528
597 526
597 525
594 522
594 521
593 520
593 519
592 518
592 517
591 516
591 515
590 514
589 514
588 515
588 516
588 515
586 513
585 513
584 514
584 515
583 516
583 517
584 518
585 517
585 520
586 521
588 521
589 522
589 523
592 526
592 527
594 529
594 530
596 532
596 534
599 537
598 538
600 540
600 541
604 545
604 546
606 548
606 549
607 550
607 551
610 554
610 555
611 556
611 557
612 558
612 561
614 563
614 564
615 565
719 903
719 901
720 900
720 899
719 898
719 896
720 895
720 894
719 893
719 892
720 891
720 887
719 886
720 885
720 878
719 877
719 876
718 875
719 874
718 873
718 871
719 870
719 861
718 860
719 859
719 855
718 854
718 847
716 845
717 844
717 842
716 841
716 840
717 839
717 837
716 836
716 831
715 830
715 823
714 822
714 818
713 817
713 813
712 812
712 807
711 806
711 802
710 801
710 798
709 797
709 795
708 794
708 792
707 791
707 788
706 787
706 786
705 785
705 783
704 782
704 776
703 775
703 772
702 771
702 769
701 768
701 766
699 764
699 761
698 760
698 758
696 756
696 755
695 754
695 753
694 752
695 751
694 750
694 749
693 748
693 746
692 745
692 744
691 743
691 741
690 740
690 738
689 737
689 736
688 735
688 733
687 732
687 730
686 729
686 727
683 724
683 723
682 722
682 720
683 719
682 718
682 717
681 716
681 714
680 713
680 712
679 711
679 707
678 706
677 706
677 705
676 704
676 702
675 701
675 700
673 698
672 698
669 695
668 695
668 691
671 688
669 686
669 685
668 684
668 683
667 682
667 681
666 680
666 679
665 678
665 676
664 675
664 674
663 673
663 672
662 671
662 669
661 668
661 667
659 665
659 664
658 663
658 662
657 661
657 658
656 657
656 656
655 655
655 654
654 653
654 652
653 651
653 649
652 648
652 647
651 646
651 645
650 644
650 643
649 642
649 640
648 639
648 638
647 637
647 636
645 634
643 634
642 635
641 635
639 633
639 631
640 630
640 629
640 630
639 631
639 633
641 635
642 635
643 634
644 634
645 633
644 632
643 632
643 629
641 627
641 624
639 622
639 621
640 620
640 617
641 616
641 612
640 611
640 610
639 609
639 608
638 607
638 606
635 603
635 602
634 601
634 598
633 597
633 596
632 595
632 594
630 592
630 590
628 588
628 587
627 586
627 585
625 583
625 581
624 580
624 579
623 578
623 577
620 574
620 573
618 571
618 568
617 567
617 561
617 566
618 567
618 570
620 572
620 573
623 576
623 577
624 578
624 579
625 580
625 582
627 584
627 585
628 586
628 587
629 588
629 589
630 590
630 591
632 593
632 594
633 595
633 596
634 597
634 600
635 601
635 602
638 605
638 606
639 607
639 609
641 611
641 617
640 618
640 620
639 621
640 622
640 623
641 624
641 626
643 628
643 631
647 635
647 636
648 637
648 639
649 640
649 641
650 642
650 644
652 646
652 648
653 649
653 651
654 652
654 653
655 654
655 655
657 657
657 660
658 661
658 662
659 663
659 664
660 665
660 666
661 667
661 668
662 669
662 670
663 671
663 673
664 674
664 675
665 676
665 677
666 678
666 680
667 681
667 682
668 683
668 684
672 688
671 688
670 689
670 690
669 691
671 693
671 694
671 693
669 691
668 692
668 694
670 696
671 696
671 697
672 698
673 698
674 699
675 699
675 701
676 702
676 704
678 706
680 704
680 703
681 703
682 702
682 701
681 700
681 699
678 696
678 695
677 694
677 692
676 691
676 690
674 688
674 685
675 684
674 683
674 682
673 681
673 678
672 677
672 676
671 675
671 674
670 673
670 672
669 671
669 670
668 669
668 668
667 667
667 666
666 665
664 665
663 666
665 668
665 669
666 670
666 671
667 672
667 673
668 674
668 675
669 676
668 675
668 674
666 672
666 671
665 670
665 668
663 666
664 665
665 665
666 664
666 663
665 662
665 661
666 662
666 664
667 665
667 666
668 667
668 669
670 671
670 672
671 673
671 675
673 677
673 681
674 682
674 683
675 684
674 685
674 687
675 688
675 689
676 690
676 691
677 692
677 693
678 694
678 695
681 698
681 699
682 700
682 702
680 704
680 705
679 706
679 711
680 712
680 713
681 714
681 715
682 716
682 718
683 719
682 720
682 721
683 722
683 723
685 725
685 726
686 727
686 728
687 729
687 731
688 732
688 734
689 735
689 736
690 737
690 740
691 741
691 743
692 744
692 745
693 746
693 747
694 748
694 750
695 751
694 752
696 754
696 755
697 756
697 757
698 758
698 760
699 761
699 763
701 765
701 768
702 769
702 771
703 772
703 775
704 776
704 782
705 783
705 784
706 785
706 787
707 788
707 791
708 792
708 794
709 795
709 797
710 798
710 801
711 802
711 806
712 807
712 812
713 813
713 817
714 818
714 822
715 823
715 830
716 831
716 836
717 837
717 839
716 840
716 841
717 842
717 846
718 847
718 854
719 855
719 859
718 860
719 861
719 871
718 872
718 873
719 874
719 877
720 878
720 885
719 886
720 887
720 891
719 892
719 893
720 894
720 895
719 896
719 898
720 899
722 899
723 898
723 891
722 890
722 889
723 888
723 873
724 872
723 871
723 867
722 866
722 865
723 864
723 863
722 862
722 848
723 847
723 846
724 845
724 843
723 842
721 844
721 845
721 844
722 843
722 840
721 839
721 833
720 832
720 827
719 826
719 821
718 820
718 814
717 813
717 811
716 810
716 807
715 806
716 805
716 804
716 805
715 806
716 807
716 810
717 811
717 813
718 814
719 813
722 813
723 812
722 811
721 811
721 808
720 807
720 805
719 804
719 803
718 802
718 801
717 800
717 799
716 798
716 796
715 795
715 794
714 793
714 790
713 789
713 781
712 780
712 776
711 775
711 769
710 768
710 762
709 761
709 758
708 757
709 756
709 754
708 753
708 750
707 749
707 747
706 746
706 744
705 743
705 735
704 734
704 733
703 732
703 730
702 729
702 728
701 727
701 723
700 722
700 721
699 720
699 719
697 717
697 716
696 715
696 712
695 711
695 708
694 707
694 705
693 704
693 703
692 702
692 700
691 699
691 698
690 697
690 693
689 692
689 691
687 689
687 688
686 687
686 685
685 684
685 681
684 680
684 679
683 678
683 677
682 676
682 674
680 672
680 671
679 670
679 668
678 667
678 665
677 664
677 663
674 660
674 659
673 658
673 657
672 656
672 651
671 650
671 649
670 648
671 648
671 649
672 650
672 655
673 656
673 657
674 658
674 659
677 662
677 663
678 664
678 667
679 668
679 669
680 670
680 671
681 672
681 673
682 674
682 675
683 676
683 678
684 679
684 680
685 681
685 683
686 684
686 686
687 687
687 688
689 690
689 691
690 692
690 697
691 698
691 699
692 700
692 702
693 703
693 704
694 705
694 707
695 708
695 711
696 712
696 714
697 715
697 716
698 717
699 716
699 715
699 717
698 718
700 720
700 722
701 723
701 727
702 728
702 729
703 730
703 731
704 732
704 734
705 735
705 742
706 743
706 745
707 746
707 749
708 750
708 753
709 754
709 756
708 757
709 758
709 761
710 762
710 768
711 769
711 775
712 776
712 780
713 781
713 789
714 790
714 793
715 794
715 795
716 796
716 798
717 799
717 800
719 802
719 804
720 805
720 807
721 808
721 810
722 811
723 811
724 812
723 812
722 813
719 813
718 814
719 815
718 816
718 820
719 821
719 826
720 827
720 832
721 833
721 839
722 840
722 841
723 842
724 842
724 846
722 848
722 862
723 863
723 864
722 865
722 866
723 867
723 871
724 872
723 873
723 874
724 875
723 876
723 888
722 889
722 890
723 891
723 898
722 899
722 900
723 901
723 903
417 361
416 360
412 360
411 359
409 359
408 358
405 358
404 357
399 357
398 356
395 356
394 355
393 355
391 353
390 353
389 352
384 352
383 351
382 352
381 352
380 351
376 351
376 350
375 349
377 351
380 351
381 352
382 352
383 351
384 352
390 352
391 351
394 351
395 352
396 352
397 353
405 353
406 354
407 354
408 355
410 355
412 357
415 357
416 358
418 358
420 360
419 360
418 361
416 360
417 361
418 361
419 360
419 359
418 358
415 358
414 357
411 357
409 355
408 355
407 356
408 355
407 354
406 354
405 353
397 353
396 352
395 352
394 351
391 351
390 352
391 353
392 353
394 355
395 355
396 356
398 356
399 357
404 357
405 358
408 358
409 359
411 359
412 360
639 578
639 574
638 573
636 573
635 574
637 576
636 576
636 575
635 574
635 571
633 569
633 568
632 567
632 566
631 565
631 563
630 562
630 561
628 559
628 558
627 557
627 556
626 555
626 554
625 553
625 552
623 550
623 549
621 547
621 546
620 545
620 544
619 543
619 542
618 541
618 540
616 538
616 537
615 536
615 535
613 533
613 531
610 528
610 527
609 526
609 525
607 523
607 522
605 520
605 519
604 518
604 517
602 515
602 512
598 508
598 507
597 506
597 505
596 504
596 503
594 501
594 500
593 499
593 498
592 497
592 496
591 495
591 494
589 492
589 491
590 490
589 489
588 489
589 489
590 490
592 490
592 491
596 495
596 496
598 498
598 499
600 501
600 502
601 503
601 504
603 506
603 508
604 509
604 510
608 514
608 515
610 517
610 519
611 520
611 521
613 523
613 524
614 525
614 527
615 528
615 530
617 532
618 531
618 532
619 533
619 534
620 535
620 536
622 538
621 539
622 540
623 540
623 541
624 542
624 543
626 545
626 547
626 546
624 544
624 543
623 542
623 541
621 539
620 539
621 538
620 537
620 536
619 535
619 534
615 530
615 529
614 528
614 526
613 525
613 524
612 523
612 522
611 521
611 520
610 519
610 518
608 516
608 515
604 511
604 509
603 508
603 507
602 506
602 505
600 503
600 502
598 500
598 499
596 497
596 496
593 493
593 492
591 490
590 490
589 491
591 493
591 494
592 495
592 496
593 497
593 498
594 499
594 500
596 502
596 503
597 504
597 505
598 506
598 507
602 511
602 514
604 516
604 517
605 518
605 519
607 521
607 522
609 524
609 525
610 526
610 527
612 529
612 530
613 531
613 532
615 534
615 535
616 536
616 537
618 539
618 540
619 541
619 542
620 543
620 544
621 545
621 546
623 548
623 549
625 551
625 553
627 555
627 556
628 557
628 558
629 559
629 560
630 561
630 562
631 563
631 564
632 565
632 566
633 567
633 568
635 570
635 572
636 573
638 573
639 572
638 573
639 574
639 577
640 578
283 408
283 407
285 407
306 386
306 385
304 383
305 384
308 384
309 383
313 383
314 382
313 381
313 377
314 376
314 375
315 375
316 374
317 374
319 372
320 372
321 371
323 371
324 370
326 370
327 369
328 369
329 368
333 368
334 367
336 367
337 366
343 366
344 365
345 365
346 364
351 364
352 363
356 363
357 362
363 362
364 361
378 361
379 362
380 362
382 364
383 364
384 365
386 365
387 366
392 366
393 365
393 364
392 363
391 363
389 361
386 361
385 362
384 362
385 362
386 361
387 361
388 360
390 360
391 359
392 359
393 360
395 360
396 361
398 361
399 362
401 362
406 367
407 366
411 366
412 367
413 367
414 368
416 368
418 370
420 370
422 372
428 372
429 371
428 372
422 372
421 371
420 371
419 370
418 370
417 369
416 369
415 368
414 368
413 367
412 367
411 366
408 366
407 367
406 367
405 368
405 369
404 369
406 367
405 366
404 366
400 362
399 362
398 361
396 361
395 360
393 360
392 359
391 359
389 361
391 363
392 362
393 363
393 366
387 366
386 365
384 365
383 364
382 364
381 363
380 363
378 361
372 361
371 362
372 363
370 361
364 361
363 362
357 362
356 363
352 363
351 364
346 364
344 366
337 366
336 367
334 367
333 368
330 368
329 369
327 369
326 370
324 370
323 371
322 371
321 372
320 372
319 373
318 373
316 375
315 375
314 376
314 377
313 378
313 381
314 382
314 383
309 383
308 384
307 384
306 385
306 387
286 407
284 407
185 659
185 654
186 653
186 642
185 641
184 642
184 643
183 644
183 653
182 653
181 654
181 656
181 653
182 653
183 652
183 643
184 642
184 641
185 641
187 639
187 636
188 635
188 633
189 632
189 630
190 629
190 624
191 623
191 622
192 621
192 618
193 617
193 613
194 612
194 608
195 607
195 605
196 604
196 600
197 599
197 594
198 593
198 591
199 590
199 587
200 586
200 583
201 582
201 578
202 577
202 574
203 573
203 571
204 570
204 565
205 564
205 561
206 560
206 559
207 558
207 555
208 554
208 552
209 551
209 547
210 546
210 543
211 542
211 541
212 540
212 533
213 532
213 531
214 530
214 529
215 528
215 526
216 525
216 522
217 521
217 515
218 514
218 512
221 509
221 507
222 506
222 505
223 504
223 502
224 501
224 500
225 499
225 498
226 497
226 495
228 493
228 492
229 491
229 490
230 489
230 487
232 485
232 483
233 482
233 481
234 480
234 479
235 478
235 477
236 476
236 473
237 472
237 471
238 470
238 469
240 467
240 465
241 464
241 463
242 462
242 461
243 460
243 459
244 458
244 457
245 456
245 455
246 454
246 453
247 452
247 451
249 449
249 447
251 445
251 444
252 443
252 440
253 439
253 438
254 437
254 434
255 433
255 429
256 428
256 425
257 424
257 423
258 422
258 421
259 420
259 419
260 419
261 418
261 416
262 415
263 415
261 417
261 420
260 419
258 421
258 422
257 423
257 424
256 425
256 429
257 430
256 429
255 430
255 434
254 435
254 438
253 439
253 440
252 441
252 443
251 444
251 445
250 446
250 447
249 448
249 449
248 450
248 451
247 452
247 453
246 454
246 455
245 456
245 457
244 458
244 459
243 460
243 461
242 462
242 463
241 464
241 465
240 466
240 467
239 468
239 469
238 470
238 471
237 472
237 473
236 474
236 476
235 477
235 479
233 481
233 482
232 483
232 485
231 486
231 487
230 488
230 490
229 491
229 492
228 493
228 494
226 496
226 498
225 499
225 500
224 501
224 502
223 503
223 504
222 505
222 506
221 507
221 510
220 511
219 511
218 512
218 515
217 516
217 521
216 522
216 525
215 526
215 528
214 529
214 531
212 533
212 540
211 541
211 542
210 543
210 546
209 547
209 551
208 552
208 555
207 556
207 558
206 559
206 561
205 562
205 564
204 565
204 570
203 571
203 573
202 574
202 577
201 578
201 582
200 583
200 586
199 587
199 590
198 591
198 593
197 594
197 599
196 600
196 604
195 605
195 607
194 608
194 612
193 613
193 617
192 618
192 621
191 622
191 623
190 624
190 629
189 630
189 632
188 633
188 635
187 636
187 639
186 640
186 653
185 654
333 358
332 357
329 357
329 356
330 357
332 355
333 355
335 353
336 353
337 352
338 352
339 351
340 352
340 353
341 354
342 354
343 353
346 353
347 352
347 351
347 352
346 353
344 353
343 354
341 354
340 355
339 355
338 356
336 356
335 357
334 357
133 939
133 937
134 936
134 934
133 933
133 932
134 931
134 927
135 926
135 922
136 921
136 917
137 916
137 910
138 909
138 903
139 902
139 896
140 895
140 890
141 889
141 882
142 881
142 874
143 873
143 866
144 865
144 859
145 858
145 852
146 851
146 848
145 847
145 842
148 839
148 834
149 833
149 830
150 829
150 821
151 820
151 813
152 812
152 809
153 808
153 802
154 801
154 797
155 796
155 789
156 788
156 781
157 780
157 778
158 777
158 774
159 773
159 769
160 768
160 762
161 761
161 757
162 756
162 750
163 749
163 746
164 745
164 742
165 741
165 738
166 737
166 734
167 733
167 732
168 731
168 729
169 728
169 724
170 723
170 718
171 717
171 715
172 714
172 712
173 711
173 708
174 707
174 704
175 703
175 700
176 699
176 697
177 696
177 693
178 692
178 687
179 686
179 684
180 683
180 679
181 678
181 673
182 672
182 658
183 657
183 656
183 657
182 658
182 672
181 673
181 678
180 679
180 683
179 684
179 686
178 687
178 692
177 693
177 696
176 697
176 699
175 700
175 703
174 704
174 707
173 708
173 711
172 712
172 714
171 715
171 717
170 718
170 723
169 724
169 728
168 729
168 731
167 732
167 734
166 735
166 737
165 738
165 741
164 742
164 746
163 747
163 749
162 750
162 756
161 757
161 761
160 762
160 768
159 769
159 773
158 774
158 777
157 778
157 780
156 781
156 788
155 789
155 796
154 797
154 801
153 802
153 808
152 809
152 812
151 813
151 820
150 821
150 829
149 830
149 833
148 834
148 839
146 841
147 842
147 843
146 842
145 843
145 847
146 848
146 851
145 852
145 858
144 859
144 865
143 866
143 873
142 874
142 881
141 882
141 889
140 890
140 895
139 896
139 902
138 903
138 909
137 910
137 916
136 917
136 921
135 922
135 926
134 927
134 931
133 932
133 933
135 935
136 935
137 934
137 932
138 931
138 928
139 927
139 923
140 922
140 918
141 917
141 912
142 911
142 907
143 906
143 904
143 906
144 907
145 906
145 898
146 897
146 892
147 891
147 887
148 886
148 883
149 882
149 879
150 878
150 876
151 876
152 875
152 869
153 868
153 866
154 865
154 861
155 860
155 855
154 854
154 851
155 850
154 849
153 849
152 850
152 851
152 850
155 847
157 847
159 845
159 842
158 841
158 839
159 838
159 828
158 827
157 827
158 826
158 825
159 824
159 819
160 818
160 815
161 814
161 811
162 810
162 809
161 808
162 807
162 803
163 802
163 799
164 798
164 795
164 798
163 799
163 802
162 803
162 807
161 808
162 809
162 810
161 811
161 815
160 816
160 818
159 819
159 824
158 825
158 827
159 828
159 838
158 839
158 840
159 841
159 846
157 848
157 852
157 848
156 847
154 849
155 850
154 851
154 854
155 855
155 860
154 861
154 865
153 866
153 868
152 869
152 872
153 873
152 874
152 875
151 876
151 877
149 879
149 882
148 883
148 886
147 887
147 891
146 892
146 897
145 898
145 906
144 907
144 912
144 907
143 906
142 907
142 911
141 912
142 913
141 914
141 917
140 918
140 922
139 923
139 927
138 928
138 931
137 932
137 936
138 937
137 938
137 939
167 812
168 811
168 810
166 808
165 809
165 803
166 802
166 801
166 802
165 803
165 807
166 808
167 808
168 807
168 805
169 804
169 800
170 799
170 794
169 793
168 793
167 792
167 790
167 791
169 793
171 791
171 784
172 783
172 779
173 778
172 777
173 776
173 769
174 768
174 762
175 761
175 754
176 753
176 742
177 741
177 732
179 730
179 728
180 727
180 723
181 722
181 720
182 719
182 710
183 709
183 707
184 706
184 704
185 703
185 701
186 700
186 697
187 696
187 693
188 692
188 690
189 689
189 688
190 687
190 683
191 682
191 680
192 679
192 676
193 675
193 669
194 668
194 666
195 665
195 664
196 663
196 660
197 659
197 658
198 657
198 654
197 653
197 649
198 648
198 646
199 645
199 642
200 641
200 638
201 637
201 634
202 633
202 631
203 630
203 627
204 626
204 625
205 624
205 620
206 619
206 617
207 616
207 611
208 610
208 608
209 607
209 604
210 603
210 598
211 597
211 594
212 593
212 590
213 589
213 587
214 586
214 585
215 584
215 582
216 581
216 578
217 577
217 573
218 572
218 568
219 567
219 565
220 564
220 563
221 562
220 561
220 560
221 559
221 555
222 554
222 553
223 552
223 548
224 547
224 544
225 543
225 540
226 539
226 536
227 535
227 533
228 532
228 528
229 527
229 524
230 523
230 521
231 520
231 517
232 516
232 515
233 514
233 512
234 511
234 508
235 507
235 505
236 504
236 501
237 500
237 497
238 496
238 494
239 493
239 491
240 490
240 486
241 485
241 484
242 483
242 479
243 478
242 477
240 477
241 477
244 474
244 473
245 472
245 468
246 467
246 466
247 465
247 464
248 463
248 462
249 461
249 459
250 458
250 457
251 456
251 455
252 454
252 453
253 452
253 450
254 449
254 448
257 445
257 444
259 442
258 443
258 444
257 445
257 446
254 449
254 450
253 451
253 453
252 454
252 455
250 457
250 458
249 459
249 462
247 464
247 465
246 466
246 467
245 468
245 472
244 473
244 475
242 477
243 478
242 479
242 484
241 485
241 486
240 487
240 490
239 491
239 493
238 494
238 496
237 497
237 500
236 501
236 505
235 506
235 507
234 508
234 511
233 512
233 514
232 515
232 516
231 517
231 520
230 521
230 523
229 524
229 527
228 528
228 532
227 533
227 536
226 537
226 539
225 540
225 543
224 544
224 547
223 548
223 552
222 553
222 554
221 555
221 559
220 560
220 561
221 562
220 563
220 564
219 565
219 567
218 568
218 572
217 573
217 577
216 578
216 581
215 582
215 584
214 585
214 587
213 588
213 589
212 590
212 593
211 594
211 597
210 598
210 603
209 604
209 607
208 608
208 610
207 611
207 616
206 617
206 619
205 620
205 624
204 625
204 627
203 628
203 630
202 631
202 633
201 634
201 637
200 638
200 641
199 642
199 645
198 646
198 648
197 649
197 653
198 654
199 654
198 655
198 658
196 660
196 663
195 664
195 666
194 667
194 669
193 670
193 675
192 676
192 679
191 680
191 682
190 683
190 687
189 688
189 690
188 691
188 692
187 693
187 696
186 697
186 700
185 701
185 703
184 704
184 706
183 707
183 709
182 710
182 719
181 720
181 723
180 724
180 727
179 728
179 730
177 732
177 741
176 742
176 753
175 754
175 761
174 762
174 768
173 769
173 776
172 777
173 778
172 779
172 784
171 785
171 791
170 792
170 799
169 800
169 804
168 805
168 808
167 809
168 810
168 812
