272 513
271 512
271 509
272 508
272 507
274 505
274 504
276 502
278 502
279 503
279 506
278 507
277 507
275 509
275 512
274 513
281 501
279 499
278 499
277 500
277 499
278 499
280 497
280 496
281 495
281 494
282 493
282 492
286 488
286 487
289 484
289 483
291 481
291 480
293 478
293 477
293 478
294 479
296 477
296 473
298 471
299 471
300 470
300 469
301 468
301 467
305 463
305 462
311 456
311 455
311 457
304 464
304 465
303 465
302 466
302 467
300 469
300 470
299 471
300 472
300 473
301 474
301 476
300 477
299 477
298 478
297 478
296 479
296 482
294 484
294 485
294 484
295 483
295 482
296 481
296 480
295 479
293 479
290 482
290 483
286 487
286 489
281 494
281 495
280 496
280 497
279 498
279 499
281 501
282 500
283 500
284 499
284 498
283 497
283 496
283 497
284 498
284 499
283 500
282 500
339 430
340 430
346 424
347 424
355 416
356 416
357 415
357 414
358 413
359 413
360 412
361 412
364 409
365 409
366 408
367 408
369 406
369 405
370 404
372 404
374 402
374 401
375 401
380 396
382 396
385 393
387 393
389 391
390 391
391 390
392 390
393 389
394 389
395 388
396 388
397 387
399 387
401 385
402 385
403 384
405 384
406 383
407 383
408 382
409 382
410 381
412 381
413 380
415 380
416 379
418 379
419 378
420 378
421 377
424 377
425 376
429 376
431 374
436 374
437 373
442 373
443 372
445 372
446 373
448 373
449 372
456 372
457 371
459 371
460 372
465 372
466 373
467 372
472 372
473 373
478 373
479 374
485 374
486 375
489 375
490 376
494 376
495 377
496 377
497 378
498 378
499 379
501 379
502 380
503 380
504 381
507 381
510 384
513 384
514 385
515 385
516 386
518 386
520 388
521 388
523 390
525 390
528 393
529 393
530 394
531 394
534 397
535 397
537 399
537 400
539 402
540 402
543 405
544 405
546 407
547 407
549 409
550 409
551 408
551 407
549 405
548 405
544 401
543 401
535 393
534 393
533 392
532 392
531 391
530 391
527 388
526 388
525 387
524 387
523 386
522 386
521 385
520 385
517 382
516 383
515 383
516 383
517 382
518 383
519 383
522 386
524 386
526 388
527 388
528 389
529 389
532 392
534 392
536 394
537 394
540 397
540 398
542 400
543 400
545 402
546 402
551 407
551 409
549 409
547 407
546 407
545 406
544 406
542 404
541 404
533 396
532 396
529 393
528 393
527 392
526 392
524 390
523 390
521 388
520 388
519 387
518 387
517 386
516 386
515 385
514 385
513 384
509 384
509 383
507 381
504 381
503 380
502 380
501 379
499 379
498 378
497 378
496 377
495 377
494 376
490 376
489 375
486 375
485 374
479 374
478 373
473 373
472 372
467 372
466 373
465 372
460 372
459 371
457 371
456 372
449 372
448 373
446 373
445 372
443 372
442 373
437 373
436 374
432 374
431 375
430 375
429 376
425 376
424 377
421 377
420 378
419 378
418 379
416 379
415 380
413 380
412 381
410 381
409 382
408 382
407 383
406 383
405 384
403 384
401 386
400 386
399 387
397 387
396 388
395 388
394 389
393 389
392 390
391 390
389 392
388 392
387 393
386 393
384 395
383 395
382 396
381 396
380 397
379 397
377 399
377 400
376 400
373 403
373 404
371 404
367 408
366 408
363 411
362 411
361 412
360 412
359 413
358 413
357 414
357 415
355 417
354 417
352 419
352 420
351 420
349 422
349 423
348 423
342 429
341 429
340 430
271 512
272 513
273 513
275 511
275 508
276 508
279 505
279 503
278 502
276 502
274 504
274 505
273 506
273 507
271 509
123 816
122 815
121 815
121 814
120 813
122 811
122 808
123 808
124 809
125 808
125 807
124 806
124 804
125 803
129 803
129 807
127 809
126 809
125 808
124 809
123 808
122 809
122 810
125 813
126 813
126 815
124 815
681 764
680 763
680 757
679 756
679 755
680 754
680 753
679 752
679 751
678 750
678 745
677 744
677 740
676 739
676 737
675 736
675 731
674 730
674 728
675 727
675 726
674 725
674 721
673 720
673 719
672 718
672 717
673 716
673 714
672 713
672 712
671 711
671 707
670 706
670 704
671 703
670 702
670 701
669 700
669 697
668 696
668 694
667 693
667 687
666 686
666 684
668 684
670 686
670 689
671 690
671 695
672 696
672 697
673 698
673 700
674 701
674 702
674 701
673 700
673 698
671 696
671 690
670 689
670 686
668 684
667 684
666 685
666 686
667 687
667 693
668 694
668 696
669 697
669 699
671 701
670 702
671 703
672 703
673 704
673 708
674 709
674 710
675 711
675 714
676 715
676 720
677 721
677 727
678 728
678 733
679 734
679 738
680 739
680 741
681 742
681 751
681 742
680 741
680 739
679 738
679 734
678 733
678 728
677 727
677 722
676 721
676 715
675 714
675 711
674 710
674 709
673 708
673 704
672 703
671 703
670 704
670 706
671 707
671 711
672 712
672 713
673 714
673 716
672 717
672 718
674 720
674 725
675 726
675 728
674 729
675 730
675 736
676 737
676 739
677 740
677 744
678 745
678 750
679 751
679 752
680 753
682 753
682 758
683 759
683 764
138 777
137 776
137 775
136 774
137 773
137 772
139 770
141 770
142 771
142 775
140 777
136 785
134 783
133 783
133 781
135 779
139 779
139 783
138 784
137 784
165 714
165 713
164 712
164 709
166 707
167 708
168 708
169 709
169 712
167 714
680 763
681 764
682 764
683 763
683 760
682 759
682 754
681 753
679 755
679 756
680 757
259 531
259 528
260 527
260 526
261 525
261 524
263 522
263 521
266 518
266 516
267 515
271 515
272 516
272 518
271 518
269 520
269 519
270 519
272 517
270 515
268 515
266 517
266 519
262 523
265 526
267 524
267 521
267 525
266 526
264 526
264 525
262 523
261 524
261 526
263 528
263 530
262 531
137 776
138 777
139 777
142 774
142 772
140 770
136 774
137 775
338 428
338 427
339 426
339 425
340 424
341 424
349 416
350 416
355 411
356 411
360 407
361 407
365 403
367 403
371 399
372 399
375 396
376 396
377 395
378 395
380 393
381 393
382 392
383 392
385 390
386 390
387 389
389 389
392 386
393 386
394 385
395 385
396 384
397 384
398 383
399 383
400 382
401 382
402 381
403 381
404 380
406 380
408 378
410 378
411 377
413 377
414 376
416 376
417 375
419 375
420 374
423 374
424 373
427 373
428 372
431 372
432 371
436 371
437 370
443 370
444 369
449 369
450 368
460 368
461 369
473 369
474 370
475 369
478 369
480 371
484 371
485 372
491 372
492 373
494 373
495 374
496 374
497 375
499 375
500 376
502 376
503 377
505 377
506 378
508 378
509 379
510 379
511 380
511 381
512 382
511 382
511 380
510 379
509 379
508 378
506 378
505 377
503 377
502 376
500 376
499 375
497 375
496 374
495 374
494 373
492 373
491 372
485 372
484 371
480 371
479 370
478 370
477 369
475 369
474 370
473 369
461 369
460 368
450 368
449 369
444 369
443 370
437 370
436 371
432 371
431 372
428 372
427 373
424 373
423 374
420 374
419 375
417 375
416 376
414 376
413 377
411 377
410 378
409 378
408 379
407 379
406 380
404 380
403 381
402 381
401 382
400 382
399 383
398 383
397 384
396 384
395 385
394 385
393 386
392 386
389 389
387 389
385 391
384 391
383 392
382 392
380 394
379 394
378 395
377 395
374 398
373 398
371 400
370 400
367 403
366 403
363 406
362 406
360 408
359 408
352 415
351 415
343 423
342 423
338 427
160 730
158 728
157 728
157 726
158 725
158 724
162 724
162 729
161 730
157 737
156 736
155 736
153 734
154 733
154 732
155 732
156 731
157 731
158 732
159 732
159 736
158 736
316 456
318 454
318 452
320 450
321 450
323 448
323 447
326 444
328 444
329 443
329 442
333 438
333 436
334 435
335 435
337 433
337 430
336 429
324 441
324 442
323 443
323 444
322 444
319 447
318 447
317 448
317 449
313 453
313 454
313 453
314 452
314 451
320 445
321 445
324 442
324 441
325 440
325 439
335 429
336 429
337 430
337 434
336 434
333 437
333 439
332 439
330 441
330 442
328 444
327 444
326 445
325 445
323 447
323 449
322 449
321 450
320 450
318 452
318 455
317 456
296 477
297 478
298 478
301 475
301 474
300 473
300 472
299 471
296 474
224 590
225 591
226 591
229 588
229 586
228 585
226 585
224 587
201 640
199 638
198 638
198 636
200 634
202 634
203 635
203 638
202 639
202 640
156 736
157 737
159 735
159 733
157 731
156 731
153 734
155 736
136 785
139 782
139 780
138 779
136 779
133 782
166 714
167 713
168 713
169 712
169 710
167 708
166 708
164 710
164 712
160 730
162 728
162 725
161 724
159 724
157 726
157 727
145 760
144 759
144 756
145 755
147 755
148 754
147 755
148 756
149 756
150 755
149 756
149 759
148 759
147 760
232 577
231 576
231 574
233 572
235 572
236 573
236 575
237 576
236 575
234 577
127 809
128 808
128 807
129 806
129 804
128 803
126 803
124 805
124 806
599 470
597 468
597 467
596 466
596 464
595 463
595 462
594 461
594 459
591 456
591 455
590 454
590 453
589 452
589 451
585 447
585 446
582 443
582 442
578 438
578 437
577 436
577 435
573 431
573 430
568 425
568 424
573 429
573 431
575 433
576 433
576 434
577 435
577 436
581 440
581 441
584 444
584 445
588 449
588 450
590 452
590 454
594 458
594 461
596 463
596 465
597 466
597 468
599 470
600 470
201 640
203 638
203 635
202 634
201 634
198 637
141 768
141 767
140 766
141 765
141 764
142 763
144 763
145 764
145 767
144 767
143 768
161 721
161 717
162 716
164 716
165 717
165 720
164 720
163 721
149 752
148 751
147 751
147 749
148 748
152 748
152 751
151 752
241 564
244 561
244 560
242 558
239 561
239 562
146 760
147 760
149 758
149 757
147 755
146 755
144 757
144 758
26 900
25 899
24 899
22 897
24 895
26 895
27 896
27 898
28 899
27 899
929 904
928 903
928 900
927 899
927 898
926 897
926 895
926 897
927 898
927 899
928 900
928 903
929 904
932 901
932 900
933 899
933 898
934 897
934 896
936 894
936 893
937 892
937 891
939 889
939 888
940 887
940 886
941 885
941 884
942 883
942 882
943 881
943 880
944 879
944 878
945 877
945 876
946 875
946 874
948 872
948 871
949 870
949 869
950 868
950 867
951 866
951 865
952 864
952 863
953 862
953 861
954 860
954 859
955 858
955 857
957 855
957 852
958 851
958 847
957 846
955 848
955 849
954 850
954 851
953 852
953 854
951 856
951 859
949 861
949 862
948 862
946 864
946 867
945 868
945 870
943 872
943 873
942 874
942 875
940 877
940 879
938 881
938 882
936 884
936 887
933 890
933 892
932 893
932 895
931 896
931 897
929 897
928 896
928 895
928 896
929 897
930 897
932 895
932 893
933 892
933 890
934 889
934 888
936 886
936 884
937 883
937 882
939 880
939 879
940 878
940 877
941 876
941 875
943 873
943 872
944 871
944 870
945 869
945 868
946 867
946 864
950 860
950 859
951 858
951 856
952 855
952 854
953 853
953 852
954 851
954 850
955 849
955 848
956 847
956 846
957 846
959 848
958 849
959 850
957 852
957 855
956 856
956 857
954 859
954 860
953 861
953 862
952 863
952 864
951 865
951 866
950 867
950 868
949 869
949 870
948 871
948 872
947 873
947 874
945 876
945 877
944 878
944 879
943 880
943 881
942 882
942 883
941 884
941 885
940 886
940 887
939 888
939 889
938 890
938 891
936 893
936 894
935 895
935 896
933 898
933 899
932 900
932 901
931 902
931 903
930 904
23 1066
22 1065
23 1064
26 1064
27 1063
31 1063
31 1065
27 1065
26 1066
476 1196
474 1194
474 1191
475 1190
475 1189
477 1189
477 1195
161 720
162 721
163 721
165 719
165 717
164 716
162 716
161 717
149 752
151 752
152 751
152 749
151 748
148 748
147 749
147 750
158 167
157 166
152 166
151 165
152 164
159 164
159 166
137 168
138 169
145 169
146 168
145 167
138 167
244 556
245 557
246 557
248 555
248 554
246 552
245 552
243 554
244 555
231 576
232 577
233 577
236 574
234 572
233 572
231 574
142 768
143 768
145 766
145 764
144 763
143 763
140 766
123 816
124 815
125 815
126 814
123 811
122 811
120 813
476 1196
477 1195
477 1190
476 1189
474 1191
474 1194
157 166
158 167
159 166
159 165
158 164
152 164
151 165
152 166
844 880
845 881
848 881
849 880
848 879
848 878
847 877
845 877
844 878
71 1046
74 1046
76 1044
75 1043
74 1043
73 1044
72 1044
70 1042
69 1043
69 1044
88 167
87 166
88 165
95 165
95 167
25 899
26 900
27 899
27 897
25 895
24 895
22 897
24 899
25 898
